1017,10,2141,1
1017,10,34909,2
199D,10,2135,1
199D,10,34903,2
8000,10,1273,1
8000,10,34041,2
8001,10,1251,1
8001,10,34019,2
8002,10,1252,1
8002,10,34020,2
8003,10,1253,1
8003,10,34021,2
8004,10,1254,1
8004,10,34022,2
8006,10,1256,1
8006,10,34024,2
8007,10,1257,1
8007,10,34025,2
8008,10,1258,1
8008,10,34026,2
8009,10,1259,1
8009,10,34027,2
8009,31,1260,1
8009,31,34028,2
8010,10,798,1
8010,10,33566,2
8010,21,1737,1
8010,21,34505,2
8013,10,800,1
8013,10,33568,2
8013,21,1544,1
8013,21,34312,2
8013,22,1542,1
8013,22,34310,2
8013,41,2011,1
8013,41,34779,2
8014,10,801,1
8014,10,33569,2
8015,10,1345,1
8015,10,34113,2
8015,21,2029,1
8015,21,34797,2
8016,10,1346,1
8016,10,34114,2
8017,10,1261,1
8017,10,34029,2
8040,10,406,1
8040,10,33174,2
8043,10,407,1
8043,10,33175,2
8047,10,408,1
8047,10,33176,2
8047,31,409,1
8047,31,33177,2
8047,41,410,1
8047,41,33178,2
8047,51,411,1
8047,51,33179,2
8050,10,412,1
8050,10,33180,2
8050,21,413,1
8050,21,33181,2
8050,31,415,1
8050,31,33183,2
8050,32,416,1
8050,32,33184,2
8055,10,414,1
8055,10,33182,2
8055,51,417,1
8055,51,33185,2
8060,10,418,1
8060,10,33186,2
8062,10,420,1
8062,10,33188,2
8065,10,421,1
8065,10,33189,2
8100,10,1262,1
8100,10,34030,2
8194,10,805,1
8194,10,33573,2
8199,10,807,1
8199,10,33575,2
819A,10,803,1
819A,10,33571,2
819R,10,804,1
819R,10,33572,2
8200,10,1263,1
8200,10,34031,2
8213,10,572,1
8213,10,33340,2
8213,21,1960,1
8213,21,34728,2
8214,10,573,1
8214,10,33341,2
8215,10,574,1
8215,10,33342,2
8300,10,1264,1
8300,10,34032,2
8400,10,1265,1
8400,10,34033,2
846M,10,422,1
846M,10,33190,2
847J,10,1342,1
847J,10,34110,2
847J,41,1343,1
847J,41,34111,2
847P,10,423,1
847P,10,33191,2
847P,41,424,1
847P,41,33192,2
847P,42,1424,1
847P,42,34192,2
848L,10,808,1
848L,10,33576,2
8500,10,1267,1
8500,10,34035,2
8528,10,575,1
8528,10,33343,2
8538,10,1359,1
8538,10,34127,2
8542,10,1360,1
8542,10,34128,2
8544,10,430,1
8544,10,33198,2
8545,10,1364,1
8545,10,34132,2
8548,10,578,1
8548,10,33346,2
8549,10,580,1
8549,10,33348,2
8594,10,432,1
8594,10,33200,2
8594,21,433,1
8594,21,33201,2
8594,41,434,1
8594,41,33202,2
8600,10,1432,1
8600,10,34200,2
8600,21,1738,1
8600,21,34506,2
8600,22,2054,1
8600,22,34822,2
8622,10,438,1
8622,10,33206,2
8622,31,439,1
8622,31,33207,2
8622,42,441,1
8622,42,33209,2
8677,10,443,1
8677,10,33211,2
8677,31,444,1
8677,31,33212,2
8686,10,446,1
8686,10,33214,2
8696,10,448,1
8696,10,33216,2
8696,41,450,1
8696,41,33218,2
8809,10,453,1
8809,10,33221,2
888P,10,454,1
888P,10,33222,2
9004,10,871,1
9004,10,33639,2
9005,10,872,1
9005,10,33640,2
9005,41,1440,1
9005,41,34208,2
9005,42,1934,1
9005,42,34702,2
9006,10,874,1
9006,10,33642,2
9008,10,875,1
9008,10,33643,2
9008,21,1539,1
9008,21,34307,2
9008,41,876,1
9008,41,33644,2
9009,10,877,1
9009,10,33645,2
9011,10,878,1
9011,10,33646,2
9011,21,1768,1
9011,21,34536,2
9012,10,1268,1
9012,10,34036,2
9014,10,1425,1
9014,10,34193,2
9014,42,1426,1
9014,42,34194,2
9015,10,1269,1
9015,10,34037,2
9018,10,1271,1
9018,10,34039,2
9019,10,1433,1
9019,10,34201,2
9020,10,1434,1
9020,10,34202,2
9022,10,1272,1
9022,10,34040,2
9023,10,1437,1
9023,10,34205,2
9031,10,879,1
9031,10,33647,2
9032,10,880,1
9032,10,33648,2
9032,21,1815,1
9032,21,34583,2
9034,10,881,1
9034,10,33649,2
9047,10,883,1
9047,10,33651,2
9090,10,884,1
9090,10,33652,2
9162,10,1365,1
9162,10,34133,2
917H,10,456,1
917H,10,33224,2
917M,10,1366,1
917M,10,34134,2
917M,31,1367,1
917M,31,34135,2
9181,10,885,1
9181,10,33653,2
9186,10,887,1
9186,10,33655,2
9188,10,809,1
9188,10,33577,2
9188,42,1711,1
9188,42,34479,2
9191,10,810,1
9191,10,33578,2
9191,21,1957,1
9191,21,34725,2
9301,10,458,1
9301,10,33226,2
938C,10,586,1
938C,10,33354,2
938L,10,1368,1
938L,10,34136,2
938P,10,888,1
938P,10,33656,2
938P,21,2030,1
938P,21,34798,2
938V,10,813,1
938V,10,33581,2
948A,10,1423,1
948A,10,34191,2
9500,10,461,1
9500,10,33229,2
9501,10,462,1
9501,10,33230,2
9501,21,463,1
9501,21,33231,2
957T,10,464,1
957T,10,33232,2
958P,10,465,1
958P,10,33233,2
9653,10,588,1
9653,10,33356,2
9717,10,817,1
9717,10,33585,2
975A,10,589,1
975A,10,33357,2
9782,10,823,1
9782,10,33591,2
9782,31,825,1
9782,31,33593,2
9784,10,827,1
9784,10,33595,2
9785,10,828,1
9785,10,33596,2
9785,51,2022,1
9785,51,34790,2
9789,10,829,1
9789,10,33597,2
978A,10,1369,1
978A,10,34137,2
978J,10,591,1
978J,10,33359,2
978L,10,466,1
978L,10,33234,2
978T,10,889,1
978T,10,33657,2
1016,10,831,1
1016,10,33599,2
1018,10,832,1
1018,10,33600,2
106A,10,516,1
106A,10,33284,2
107T,10,621,1
107T,10,33389,2
107T,31,622,1
107T,31,33390,2
1156,10,659,1
1156,10,33427,2
1156,31,2130,1
1156,31,34898,2
117Y,10,840,1
117Y,10,33608,2
118C,10,519,1
118C,10,33287,2
118C,21,520,1
118C,21,33288,2
118C,22,521,1
118C,22,33289,2
118C,24,523,1
118C,24,33291,2
118C,41,1828,1
118C,41,34596,2
118Y,10,841,1
118Y,10,33609,2
119C,10,661,1
119C,10,33429,2
119P,10,663,1
119P,10,33431,2
1206,10,842,1
1206,10,33610,2
121G,10,691,1
121G,10,33459,2
128Y,10,843,1
128Y,10,33611,2
138Y,10,844,1
138Y,10,33612,2
148L,10,531,1
148L,10,33299,2
148L,41,533,1
148L,41,33301,2
148P,10,534,1
148P,10,33302,2
1701,10,845,1
1701,10,33613,2
1701,51,1814,1
1701,51,34582,2
1702,10,846,1
1702,10,33614,2
1703,10,847,1
1703,10,33615,2
1705,10,849,1
1705,10,33617,2
1709,10,851,1
1709,10,33619,2
1709,21,1967,1
1709,21,34735,2
1720,10,863,1
1720,10,33631,2
1720,21,1937,1
1720,21,34705,2
1721,10,666,1
1721,10,33434,2
1721,21,1910,1
1721,21,34678,2
1721,51,667,1
1721,51,33435,2
1722,10,864,1
1722,10,33632,2
1726,10,1403,1
1726,10,34171,2
1726,51,2087,1
1726,51,34855,2
172J,10,856,1
172J,10,33624,2
172K,10,857,1
172K,10,33625,2
172N,10,664,1
172N,10,33432,2
172N,21,1801,1
172N,21,34569,2
172N,22,2045,1
172N,22,34813,2
172P,10,858,1
172P,10,33626,2
172R,10,859,1
172R,10,33627,2
172T,10,665,1
172T,10,33433,2
172U,10,860,1
172U,10,33628,2
172X,10,861,1
172X,10,33629,2
172Y,10,862,1
172Y,10,33630,2
1730,10,865,1
1730,10,33633,2
1732,10,671,1
1732,10,33439,2
1738,10,672,1
1738,10,33440,2
1741,10,539,1
1741,10,33307,2
1741,21,540,1
1741,21,33308,2
1742,10,542,1
1742,10,33310,2
1743,10,543,1
1743,10,33311,2
1743,51,2100,1
1743,51,34868,2
1744,10,544,1
1744,10,33312,2
1744,21,545,1
1744,21,33313,2
1744,31,2098,1
1744,31,34866,2
1745,10,546,1
1745,10,33314,2
1745,41,1829,1
1745,41,34597,2
174M,10,673,1
174M,10,33441,2
1756,10,547,1
1756,10,33315,2
1757,10,548,1
1757,10,33316,2
1758,10,552,1
1758,10,33320,2
1758,51,2101,1
1758,51,34869,2
1759,10,553,1
1759,10,33321,2
1759,21,554,1
1759,21,33322,2
1759,41,555,1
1759,41,33323,2
175P,10,675,1
175P,10,33443,2
175T,10,623,1
175T,10,33391,2
1760,10,557,1
1760,10,33325,2
1760,41,1830,1
1760,41,34598,2
1764,10,625,1
1764,10,33393,2
1764,41,1938,1
1764,41,34706,2
1765,10,1782,1
1765,10,34550,2
1766,10,627,1
1766,10,33395,2
1767,10,628,1
1767,10,33396,2
1767,51,629,1
1767,51,33397,2
1771,10,634,1
1771,10,33402,2
1771,21,2047,1
1771,21,34815,2
1772,10,635,1
1772,10,33403,2
1772,31,2048,1
1772,31,34816,2
1772,51,636,1
1772,51,33404,2
1773,10,637,1
1773,10,33405,2
1773,41,1936,1
1773,41,34704,2
1775,10,638,1
1775,10,33406,2
1778,10,1789,1
1778,10,34557,2
1778,51,1790,1
1778,51,34558,2
177H,10,630,1
177H,10,33398,2
177H,21,631,1
177H,21,33399,2
177P,10,633,1
177P,10,33401,2
177X,10,866,1
177X,10,33634,2
177Y,10,867,1
177Y,10,33635,2
1780,10,869,1
1780,10,33637,2
1782,10,643,1
1782,10,33411,2
1782,31,1930,1
1782,31,34698,2
1783,10,644,1
1783,10,33412,2
1783,21,2007,1
1783,21,34775,2
1783,22,2046,1
1783,22,34814,2
1783,41,1939,1
1783,41,34707,2
1783,51,645,1
1783,51,33413,2
1783,52,646,1
1783,52,33414,2
1785,10,1816,1
1785,10,34584,2
1786,10,649,1
1786,10,33417,2
1787,10,650,1
1787,10,33418,2
1788,10,653,1
1788,10,33421,2
1788,51,654,1
1788,51,33422,2
1789,10,655,1
1789,10,33423,2
178A,10,558,1
178A,10,33326,2
178L,10,560,1
178L,10,33328,2
178L,22,562,1
178L,22,33330,2
178T,10,565,1
178T,10,33333,2
178Y,10,868,1
178Y,10,33636,2
179X,10,680,1
179X,10,33448,2
2001,10,710,1
2001,10,33478,2
2010,10,2104,1
2010,10,34872,2
2010,21,2126,1
2010,21,34894,2
2010,31,2105,1
2010,31,34873,2
2011,10,2136,1
2011,10,34904,2
209C,10,2103,1
209C,10,34871,2
2103,10,2102,1
2103,10,34870,2
2123,10,692,1
2123,10,33460,2
2127,10,693,1
2127,10,33461,2
2161,10,694,1
2161,10,33462,2
2171,10,695,1
2171,10,33463,2
2175,10,697,1
2175,10,33465,2
2175,31,1697,1
2175,31,34465,2
2182,10,700,1
2182,10,33468,2
271A,10,702,1
271A,10,33470,2
271A,51,703,1
271A,51,33471,2
271C,10,682,1
271C,10,33450,2
271F,10,683,1
271F,10,33451,2
271M,10,684,1
271M,10,33452,2
271P,10,704,1
271P,10,33472,2
272N,10,705,1
272N,10,33473,2
2740,10,1792,1
2740,10,34560,2
2740,41,1911,1
2740,41,34679,2
278A,10,706,1
278A,10,33474,2
297A,10,2133,1
297A,10,34901,2
351F,10,687,1
351F,10,33455,2
351F,41,1935,1
351F,41,34703,2
701A,10,689,1
701A,10,33457,2
701U,10,657,1
701U,10,33425,2
701U,21,2132,1
701U,21,34900,2
9002,10,870,1
9002,10,33638,2
9070,10,566,1
9070,10,33334,2
9166,10,707,1
9166,10,33475,2
9300,10,116,1
9300,10,32884,2
9354,10,708,1
9354,10,33476,2
967A,10,568,1
967A,10,33336,2
9701,10,569,1
9701,10,33337,2
971A,10,658,1
971A,10,33426,2
971C,10,571,1
971C,10,33339,2
971D,10,709,1
971D,10,33477,2
971M,10,612,1
971M,10,33380,2
971R,10,614,1
971R,10,33382,2
971R,21,615,1
971R,21,33383,2
971R,42,616,1
971R,42,33384,2
971R,51,617,1
971R,51,33385,2
971T,10,618,1
971T,10,33386,2
971V,10,619,1
971V,10,33387,2
971X,10,1695,1
971X,10,34463,2
971X,51,1696,1
971X,51,34464,2
1177,10,129,1
1177,10,32897,2
1177,31,1831,1
1177,31,34599,2
1177,42,130,1
1177,42,32898,2
1177,51,131,1
1177,51,32899,2
1178,10,132,1
1178,10,32900,2
1178,31,1812,1
1178,31,34580,2
1178,32,2009,1
1178,32,34777,2
1178,33,2010,1
1178,33,34778,2
1178,42,133,1
1178,42,32901,2
2004,10,892,1
2004,10,33660,2
2005,10,893,1
2005,10,33661,2
2006,10,895,1
2006,10,33663,2
2006,51,1517,1
2006,51,34285,2
2007,10,896,1
2007,10,33664,2
2007,21,1833,1
2007,21,34601,2
2008,10,897,1
2008,10,33665,2
2008,41,1525,1
2008,41,34293,2
2009,10,898,1
2009,10,33666,2
2016,10,902,1
2016,10,33670,2
2017,10,903,1
2017,10,33671,2
2018,10,904,1
2018,10,33672,2
2019,10,905,1
2019,10,33673,2
2021,10,906,1
2021,10,33674,2
2022,10,364,1
2022,10,33132,2
2022,51,365,1
2022,51,33133,2
2031,10,367,1
2031,10,33135,2
2041,10,204,1
2041,10,32972,2
2058,10,259,1
2058,10,33027,2
2059,10,260,1
2059,10,33028,2
2060,10,134,1
2060,10,32902,2
2076,10,368,1
2076,10,33136,2
2078,10,369,1
2078,10,33137,2
2079,10,370,1
2079,10,33138,2
2080,10,371,1
2080,10,33139,2
2080,21,1843,1
2080,21,34611,2
2088,10,372,1
2088,10,33140,2
208A,10,205,1
208A,10,32973,2
208V,10,207,1
208V,10,32975,2
208V,51,209,1
208V,51,32977,2
211R,10,373,1
211R,10,33141,2
211R,21,1847,1
211R,21,34615,2
211V,10,154,1
211V,10,32922,2
213C,10,907,1
213C,10,33675,2
213C,31,908,1
213C,31,33676,2
2201,10,909,1
2201,10,33677,2
2202,10,910,1
2202,10,33678,2
2203,10,911,1
2203,10,33679,2
233A,10,249,1
233A,10,33017,2
233C,10,155,1
233C,10,32923,2
234A,10,156,1
234A,10,32924,2
2363,10,135,1
2363,10,32903,2
242P,10,157,1
242P,10,32925,2
2435,10,210,1
2435,10,32978,2
2435,51,212,1
2435,51,32980,2
2451,10,213,1
2451,10,32981,2
2451,21,1581,1
2451,21,34349,2
2460,10,138,1
2460,10,32906,2
2463,10,139,1
2463,10,32907,2
2501,10,215,1
2501,10,32983,2
2501,21,216,1
2501,21,32984,2
2501,31,218,1
2501,31,32986,2
2522,10,140,1
2522,10,32908,2
2523,10,250,1
2523,10,33018,2
2523,21,251,1
2523,21,33019,2
253F,10,158,1
253F,10,32926,2
2551,10,141,1
2551,10,32909,2
2552,10,142,1
2552,10,32910,2
2552,32,143,1
2552,32,32911,2
2552,41,1717,1
2552,41,34485,2
2582,10,374,1
2582,10,33142,2
2582,21,1770,1
2582,21,34538,2
2583,10,375,1
2583,10,33143,2
2590,10,912,1
2590,10,33680,2
2590,21,2008,1
2590,21,34776,2
2626,10,376,1
2626,10,33144,2
2626,21,1550,1
2626,21,34318,2
2626,31,1754,1
2626,31,34522,2
2628,10,377,1
2628,10,33145,2
2628,22,1845,1
2628,22,34613,2
263C,10,252,1
263C,10,33020,2
263J,10,219,1
263J,10,32987,2
2666,10,378,1
2666,10,33146,2
2666,21,379,1
2666,21,33147,2
2666,32,381,1
2666,32,33149,2
2666,51,382,1
2666,51,33150,2
2678,10,383,1
2678,10,33151,2
2678,22,385,1
2678,22,33153,2
2678,31,386,1
2678,31,33154,2
2678,41,387,1
2678,41,33155,2
2678,51,388,1
2678,51,33156,2
2702,10,914,1
2702,10,33682,2
2702,21,1526,1
2702,21,34294,2
2703,10,915,1
2703,10,33683,2
2703,21,1527,1
2703,21,34295,2
2703,22,1809,1
2703,22,34577,2
2704,10,916,1
2704,10,33684,2
2705,10,917,1
2705,10,33685,2
2706,10,918,1
2706,10,33686,2
2707,10,919,1
2707,10,33687,2
2707,31,920,1
2707,31,33688,2
2708,10,921,1
2708,10,33689,2
2709,10,922,1
2709,10,33690,2
2709,31,923,1
2709,31,33691,2
2710,10,924,1
2710,10,33692,2
2710,31,1654,1
2710,31,34422,2
2711,10,925,1
2711,10,33693,2
2712,10,926,1
2712,10,33694,2
2713,10,220,1
2713,10,32988,2
2714,10,927,1
2714,10,33695,2
2715,10,928,1
2715,10,33696,2
2716,10,929,1
2716,10,33697,2
2717,10,930,1
2717,10,33698,2
2718,10,931,1
2718,10,33699,2
2719,10,932,1
2719,10,33700,2
2720,10,933,1
2720,10,33701,2
2720,31,1842,1
2720,31,34610,2
2721,10,934,1
2721,10,33702,2
2722,10,935,1
2722,10,33703,2
2722,31,936,1
2722,31,33704,2
2723,10,937,1
2723,10,33705,2
2724,10,938,1
2724,10,33706,2
2725,10,939,1
2725,10,33707,2
2726,10,940,1
2726,10,33708,2
2727,10,942,1
2727,10,33710,2
2728,10,943,1
2728,10,33711,2
2730,10,945,1
2730,10,33713,2
2731,10,946,1
2731,10,33714,2
2732,10,947,1
2732,10,33715,2
2733,10,948,1
2733,10,33716,2
2734,10,1760,1
2734,10,34528,2
2735,10,1921,1
2735,10,34689,2
2736,10,1964,1
2736,10,34732,2
273D,10,222,1
273D,10,32990,2
273F,10,159,1
273F,10,32927,2
273G,10,223,1
273G,10,32991,2
273G,21,1853,1
273G,21,34621,2
273J,10,389,1
273J,10,33157,2
273L,10,224,1
273L,10,32992,2
273N,10,390,1
273N,10,33158,2
273N,41,391,1
273N,41,33159,2
273R,10,226,1
273R,10,32994,2
273R,42,228,1
273R,42,32996,2
273R,51,229,1
273R,51,32997,2
273U,10,230,1
273U,10,32998,2
273V,10,231,1
273V,10,32999,2
273X,10,392,1
273X,10,33160,2
274P,10,232,1
274P,10,33000,2
2755,10,233,1
2755,10,33001,2
2755,42,236,1
2755,42,33004,2
2755,51,237,1
2755,51,33005,2
2756,10,238,1
2756,10,33006,2
2762,10,144,1
2762,10,32912,2
2764,10,240,1
2764,10,33008,2
2765,10,145,1
2765,10,32913,2
2766,10,405,1
2766,10,33173,2
2766,41,396,1
2766,41,33164,2
2767,10,241,1
2767,10,33009,2
2768,10,242,1
2768,10,33010,2
2769,10,397,1
2769,10,33165,2
2770,10,243,1
2770,10,33011,2
2772,10,398,1
2772,10,33166,2
2780,10,399,1
2780,10,33167,2
3001,10,1650,1
3001,10,34418,2
3002,10,1808,1
3002,10,34576,2
3003,10,1797,1
3003,10,34565,2
3004,10,1798,1
3004,10,34566,2
3006,10,1865,1
3006,10,34633,2
3063,10,253,1
3063,10,33021,2
3063,41,254,1
3063,41,33022,2
307C,10,2114,1
307C,10,34882,2
312T,10,255,1
312T,10,33023,2
312T,51,1479,1
312T,51,34247,2
3204,10,2110,1
3204,10,34878,2
3205,10,2111,1
3205,10,34879,2
3206,10,2112,1
3206,10,34880,2
3301,10,1618,1
3301,10,34386,2
3306,10,256,1
3306,10,33024,2
3310,10,146,1
3310,10,32914,2
331T,10,1561,1
331T,10,34329,2
3459,10,402,1
3459,10,33170,2
3459,21,403,1
3459,21,33171,2
3459,23,404,1
3459,23,33172,2
3459,24,1727,1
3459,24,34495,2
3462,10,247,1
3462,10,33015,2
3462,41,248,1
3462,41,33016,2
352A,10,164,1
352A,10,32932,2
354M,10,1619,1
354M,10,34387,2
3574,10,147,1
3574,10,32915,2
3574,25,148,1
3574,25,32916,2
3574,31,1474,1
3574,31,34242,2
3574,41,149,1
3574,41,32917,2
3686,10,166,1
3686,10,32934,2
3686,43,167,1
3686,43,32935,2
3749,10,258,1
3749,10,33026,2
374M,10,1965,1
374M,10,34733,2
374V,10,1647,1
374V,10,34415,2
3901,10,1469,1
3901,10,34237,2
3902,10,1470,1
3902,10,34238,2
3903,10,1471,1
3903,10,34239,2
390E,10,1882,1
390E,10,34650,2
393C,10,165,1
393C,10,32933,2
508L,10,117,1
508L,10,32885,2
696P,10,118,1
696P,10,32886,2
702N,10,1796,1
702N,10,34564,2
702P,10,120,1
702P,10,32888,2
702P,41,128,1
702P,41,32896,2
805L,10,124,1
805L,10,32892,2
908T,10,2116,1
908T,10,34884,2
930P,10,2115,1
930P,10,34883,2
2002,10,711,1
2002,10,33479,2
2100,10,713,1
2100,10,33481,2
2101,10,714,1
2101,10,33482,2
2101,41,715,1
2101,41,33483,2
2191,10,949,1
2191,10,33717,2
2290,10,718,1
2290,10,33486,2
2290,21,1881,1
2290,21,34649,2
2291,10,719,1
2291,10,33487,2
2296,10,952,1
2296,10,33720,2
3013,10,954,1
3013,10,33722,2
3019,10,957,1
3019,10,33725,2
3020,10,958,1
3020,10,33726,2
3020,31,1348,1
3020,31,34116,2
3023,10,960,1
3023,10,33728,2
3025,10,961,1
3025,10,33729,2
3026,10,962,1
3026,10,33730,2
3027,10,963,1
3027,10,33731,2
3029,10,966,1
3029,10,33734,2
3031,10,967,1
3031,10,33735,2
3032,10,720,1
3032,10,33488,2
3033,10,968,1
3033,10,33736,2
3033,41,1613,1
3033,41,34381,2
3046,10,971,1
3046,10,33739,2
3053,10,973,1
3053,10,33741,2
3054,10,975,1
3054,10,33743,2
3056,10,722,1
3056,10,33490,2
3059,10,979,1
3059,10,33747,2
3060,10,724,1
3060,10,33492,2
3064,10,980,1
3064,10,33748,2
3064,41,1933,1
3064,41,34701,2
3065,10,981,1
3065,10,33749,2
3066,10,983,1
3066,10,33751,2
3069,10,984,1
3069,10,33752,2
3070,10,728,1
3070,10,33496,2
309N,10,986,1
309N,10,33754,2
309T,10,730,1
309T,10,33498,2
309T,22,731,1
309T,22,33499,2
309T,23,732,1
309T,23,33500,2
3124,10,991,1
3124,10,33759,2
3129,10,992,1
3129,10,33760,2
312N,10,990,1
312N,10,33758,2
3134,10,993,1
3134,10,33761,2
3139,10,995,1
3139,10,33763,2
3139,31,1649,1
3139,31,34417,2
3160,10,125,1
3160,10,32893,2
3222,10,998,1
3222,10,33766,2
3303,10,737,1
3303,10,33505,2
3309,10,1558,1
3309,10,34326,2
3354,10,1000,1
3354,10,33768,2
3390,10,738,1
3390,10,33506,2
3391,10,740,1
3391,10,33508,2
3391,31,741,1
3391,31,33509,2
3391,32,1862,1
3391,32,34630,2
3406,10,742,1
3406,10,33510,2
3407,10,743,1
3407,10,33511,2
3409,10,745,1
3409,10,33513,2
3414,10,746,1
3414,10,33514,2
3414,21,1923,1
3414,21,34691,2
342A,10,1001,1
342A,10,33769,2
342C,10,1002,1
342C,10,33770,2
342M,10,747,1
342M,10,33515,2
342N,10,1003,1
342N,10,33771,2
3539,10,748,1
3539,10,33516,2
3539,21,749,1
3539,21,33517,2
3701,10,751,1
3701,10,33519,2
3703,10,1007,1
3703,10,33775,2
3707,10,1008,1
3707,10,33776,2
3712,10,1009,1
3712,10,33777,2
3712,41,1011,1
3712,41,33779,2
3718,10,1013,1
3718,10,33781,2
3720,10,755,1
3720,10,33523,2
3720,31,1740,1
3720,31,34508,2
3721,10,1019,1
3721,10,33787,2
3721,41,1693,1
3721,41,34461,2
3722,10,1020,1
3722,10,33788,2
3725,10,1022,1
3725,10,33790,2
3725,41,1531,1
3725,41,34299,2
3728,10,1025,1
3728,10,33793,2
3728,41,1988,1
3728,41,34756,2
3729,10,1026,1
3729,10,33794,2
372F,10,1015,1
372F,10,33783,2
372R,10,753,1
372R,10,33521,2
372U,10,1016,1
372U,10,33784,2
3731,10,1028,1
3731,10,33796,2
3732,10,1029,1
3732,10,33797,2
3734,10,1034,1
3734,10,33802,2
3735,10,1035,1
3735,10,33803,2
3735,21,1705,1
3735,21,34473,2
3735,41,1920,1
3735,41,34688,2
3736,10,1036,1
3736,10,33804,2
3737,10,1037,1
3737,10,33805,2
3737,21,1353,1
3737,21,34121,2
3737,31,1354,1
3737,31,34122,2
3737,41,1355,1
3737,41,34123,2
3738,10,1038,1
3738,10,33806,2
3738,21,1931,1
3738,21,34699,2
3739,10,1039,1
3739,10,33807,2
3739,31,1962,1
3739,31,34730,2
373L,10,1027,1
373L,10,33795,2
3741,10,1041,1
3741,10,33809,2
3742,10,1042,1
3742,10,33810,2
3743,10,1043,1
3743,10,33811,2
3745,10,1044,1
3745,10,33812,2
374T,10,756,1
374T,10,33524,2
3750,10,1046,1
3750,10,33814,2
3751,10,1047,1
3751,10,33815,2
3751,21,1048,1
3751,21,33816,2
3754,10,1049,1
3754,10,33817,2
3754,31,1532,1
3754,31,34300,2
3756,10,1050,1
3756,10,33818,2
3756,21,1961,1
3756,21,34729,2
3760,10,760,1
3760,10,33528,2
3760,42,1411,1
3760,42,34179,2
3761,10,1051,1
3761,10,33819,2
3762,10,1053,1
3762,10,33821,2
3763,10,1054,1
3763,10,33822,2
3764,10,761,1
3764,10,33529,2
3764,21,2025,1
3764,21,34793,2
3765,10,762,1
3765,10,33530,2
3766,10,1055,1
3766,10,33823,2
3768,10,1056,1
3768,10,33824,2
3773,10,1059,1
3773,10,33827,2
3774,10,1060,1
3774,10,33828,2
3775,10,763,1
3775,10,33531,2
3775,51,1412,1
3775,51,34180,2
3778,10,1062,1
3778,10,33830,2
3781,10,764,1
3781,10,33532,2
3785,10,1063,1
3785,10,33831,2
3786,10,1065,1
3786,10,33833,2
3787,10,1612,1
3787,10,34380,2
3789,10,1067,1
3789,10,33835,2
3790,10,1068,1
3790,10,33836,2
3791,10,1069,1
3791,10,33837,2
3793,10,1071,1
3793,10,33839,2
3795,10,1073,1
3795,10,33841,2
3796,10,1074,1
3796,10,33842,2
393H,10,765,1
393H,10,33533,2
4034,10,2150,1
4034,10,34918,2
4051,10,2144,1
4051,10,34912,2
4052,10,2145,1
4052,10,34913,2
4053,10,2146,1
4053,10,34914,2
4054,10,2147,1
4054,10,34915,2
4085,10,2156,1
4085,10,34924,2
408A,10,766,1
408A,10,33534,2
4092,10,1876,1
4092,10,34644,2
4112,10,767,1
4112,10,33535,2
4113,10,768,1
4113,10,33536,2
4120,10,1946,1
4120,10,34714,2
4208,10,1076,1
4208,10,33844,2
4301,10,1874,1
4301,10,34642,2
4339,10,2154,1
4339,10,34922,2
4339,51,2155,1
4339,51,34923,2
4401,10,2061,1
4401,10,34829,2
4723,10,2059,1
4723,10,34827,2
4724,10,2060,1
4724,10,34828,2
574T,10,1624,1
574T,10,34392,2
3021,10,276,1
3021,10,33044,2
3024,10,277,1
3024,10,33045,2
3098,10,1078,1
3098,10,33846,2
3098,31,1839,1
3098,31,34607,2
3099,10,1079,1
3099,10,33847,2
3112,10,1080,1
3112,10,33848,2
311C,10,309,1
311C,10,33077,2
3141,10,734,1
3141,10,33502,2
3141,51,735,1
3141,51,33503,2
314J,10,310,1
314J,10,33078,2
314V,10,311,1
314V,10,33079,2
3161,10,1084,1
3161,10,33852,2
3161,21,2151,1
3161,21,34919,2
319F,10,312,1
319F,10,33080,2
364A,10,1246,1
364A,10,34014,2
364A,21,2034,1
364A,21,34802,2
373M,10,281,1
373M,10,33049,2
373T,10,1091,1
373T,10,33859,2
3746,10,283,1
3746,10,33051,2
3746,31,2097,1
3746,31,34865,2
375N,10,314,1
375N,10,33082,2
375V,10,285,1
375V,10,33053,2
4025,10,1095,1
4025,10,33863,2
4027,10,1097,1
4027,10,33865,2
4028,10,1098,1
4028,10,33866,2
4029,10,1099,1
4029,10,33867,2
4030,10,1100,1
4030,10,33868,2
4031,10,1101,1
4031,10,33869,2
4032,10,1102,1
4032,10,33870,2
4033,10,1103,1
4033,10,33871,2
407M,10,318,1
407M,10,33086,2
4111,10,320,1
4111,10,33088,2
4114,10,321,1
4114,10,33089,2
4114,31,1534,1
4114,31,34302,2
4115,10,322,1
4115,10,33090,2
414P,10,1105,1
414P,10,33873,2
4221,10,325,1
4221,10,33093,2
4222,10,288,1
4222,10,33056,2
425E,10,1636,1
425E,10,34404,2
4284,10,289,1
4284,10,33057,2
4286,10,326,1
4286,10,33094,2
4288,10,290,1
4288,10,33058,2
4491,10,327,1
4491,10,33095,2
4706,10,299,1
4706,10,33067,2
4708,10,332,1
4708,10,33100,2
4709,10,333,1
4709,10,33101,2
4714,10,334,1
4714,10,33102,2
4716,10,1106,1
4716,10,33874,2
4717,10,335,1
4717,10,33103,2
4718,10,336,1
4718,10,33104,2
4721,10,337,1
4721,10,33105,2
4725,10,338,1
4725,10,33106,2
4726,10,1680,1
4726,10,34448,2
4726,31,2120,1
4726,31,34888,2
4727,10,340,1
4727,10,33108,2
4729,10,1108,1
4729,10,33876,2
4732,10,302,1
4732,10,33070,2
4732,31,2127,1
4732,31,34895,2
4734,10,1109,1
4734,10,33877,2
4734,21,1864,1
4734,21,34632,2
4735,10,1110,1
4735,10,33878,2
473T,10,341,1
473T,10,33109,2
4742,10,342,1
4742,10,33110,2
4742,21,1712,1
4742,21,34480,2
4742,31,1713,1
4742,31,34481,2
475M,10,343,1
475M,10,33111,2
475R,10,344,1
475R,10,33112,2
475R,41,1880,1
475R,41,34648,2
476A,10,304,1
476A,10,33072,2
476G,10,1111,1
476G,10,33879,2
476G,41,1112,1
476G,41,33880,2
477A,10,346,1
477A,10,33114,2
477P,10,348,1
477P,10,33116,2
477U,10,306,1
477U,10,33074,2
478P,10,349,1
478P,10,33117,2
478P,31,350,1
478P,31,33118,2
5020,10,1670,1
5020,10,34438,2
5021,10,1667,1
5021,10,34435,2
5026,10,1635,1
5026,10,34403,2
5028,10,1634,1
5028,10,34402,2
5029,10,1672,1
5029,10,34440,2
5030,10,1669,1
5030,10,34437,2
5031,10,1746,1
5031,10,34514,2
5031,21,1747,1
5031,21,34515,2
5032,10,1662,1
5032,10,34430,2
5033,10,1665,1
5033,10,34433,2
5034,10,1663,1
5034,10,34431,2
5034,31,1664,1
5034,31,34432,2
5035,10,1668,1
5035,10,34436,2
5036,10,1666,1
5036,10,34434,2
5038,10,1661,1
5038,10,34429,2
5101,10,1519,1
5101,10,34287,2
5102,10,1279,1
5102,10,34047,2
5103,10,1646,1
5103,10,34414,2
5103,21,1688,1
5103,21,34456,2
5104,10,1658,1
5104,10,34426,2
5105,10,1651,1
5105,10,34419,2
5107,10,1659,1
5107,10,34427,2
5108,10,1675,1
5108,10,34443,2
5109,10,1851,1
5109,10,34619,2
5109,41,2013,1
5109,41,34781,2
5109,51,1929,1
5109,51,34697,2
513L,10,1655,1
513L,10,34423,2
5140,10,1643,1
5140,10,34411,2
5141,10,1625,1
5141,10,34393,2
5142,10,1626,1
5142,10,34394,2
5143,10,1628,1
5143,10,34396,2
5143,31,2143,1
5143,31,34911,2
5144,10,1627,1
5144,10,34395,2
5145,10,1641,1
5145,10,34409,2
5145,41,1642,1
5145,41,34410,2
514T,10,1671,1
514T,10,34439,2
514T,21,2033,1
514T,21,34801,2
524L,10,1715,1
524L,10,34483,2
524M,10,1631,1
524M,10,34399,2
5705,10,1657,1
5705,10,34425,2
571T,10,1684,1
571T,10,34452,2
573A,10,1637,1
573A,10,34405,2
573H,10,1630,1
573H,10,34398,2
573T,10,1632,1
573T,10,34400,2
573T,21,1919,1
573T,21,34687,2
574C,10,1639,1
574C,10,34407,2
574J,10,1685,1
574J,10,34453,2
574R,10,1623,1
574R,10,34391,2
574W,10,1629,1
574W,10,34397,2
575A,10,1638,1
575A,10,34406,2
575C,10,1686,1
575C,10,34454,2
575C,21,2117,1
575C,21,34885,2
874T,10,307,1
874T,10,33075,2
874T,51,308,1
874T,51,33076,2
GARA,10,3009,1
GARA,10,35777,2
476L,10,262,1
476L,10,33030,2
5010,10,1114,1
5010,10,33882,2
5011,10,1115,1
5011,10,33883,2
5012,10,1116,1
5012,10,33884,2
5012,21,2121,1
5012,21,34889,2
5013,10,1117,1
5013,10,33885,2
5014,10,1118,1
5014,10,33886,2
5015,10,1119,1
5015,10,33887,2
5018,10,1492,1
5018,10,34260,2
5018,31,1861,1
5018,31,34629,2
5022,10,1120,1
5022,10,33888,2
5024,10,1122,1
5024,10,33890,2
5024,31,1123,1
5024,31,33891,2
502J,10,1275,1
502J,10,34043,2
502J,21,2106,1
502J,21,34874,2
502J,22,2107,1
502J,22,34875,2
5091,10,1523,1
5091,10,34291,2
509J,10,264,1
509J,10,33032,2
509J,21,2119,1
509J,21,34887,2
509M,10,1277,1
509M,10,34045,2
509M,21,1278,1
509M,21,34046,2
5106,10,1280,1
5106,10,34048,2
5106,21,1972,1
5106,21,34740,2
5106,31,1305,1
5106,31,34073,2
5123,10,1125,1
5123,10,33893,2
5127,10,1127,1
5127,10,33895,2
5128,10,1128,1
5128,10,33896,2
5129,10,1281,1
5129,10,34049,2
5129,41,1974,1
5129,41,34742,2
5131,10,1282,1
5131,10,34050,2
5164,10,1283,1
5164,10,34051,2
5164,21,1616,1
5164,21,34384,2
5164,41,1617,1
5164,41,34385,2
516N,10,266,1
516N,10,33034,2
5175,10,593,1
5175,10,33361,2
5178,10,595,1
5178,10,33363,2
5178,21,596,1
5178,21,33364,2
517J,10,1129,1
517J,10,33897,2
5194,10,269,1
5194,10,33037,2
5194,21,2095,1
5194,21,34863,2
527R,10,271,1
527R,10,33039,2
5290,10,597,1
5290,10,33365,2
5290,51,2055,1
5290,51,34823,2
5317,10,69,1
5317,10,32837,2
5362,10,70,1
5362,10,32838,2
5362,21,71,1
5362,21,32839,2
5362,22,1645,1
5362,22,34413,2
5362,23,1860,1
5362,23,34628,2
5362,41,72,1
5362,41,32840,2
5370,10,1442,1
5370,10,34210,2
5370,21,1551,1
5370,21,34319,2
5370,22,1780,1
5370,22,34548,2
546A,10,1131,1
546A,10,33899,2
546A,31,1132,1
546A,31,33900,2
546J,10,1133,1
546J,10,33901,2
546J,31,2015,1
546J,31,34783,2
546J,41,1134,1
546J,41,33902,2
546L,10,1285,1
546L,10,34053,2
546L,41,1286,1
546L,41,34054,2
546T,10,272,1
546T,10,33040,2
5611,10,598,1
5611,10,33366,2
5612,10,1516,1
5612,10,34284,2
5614,10,1515,1
5614,10,34283,2
5630,10,78,1
5630,10,32846,2
5630,21,1447,1
5630,21,34215,2
5632,10,81,1
5632,10,32849,2
5632,21,82,1
5632,21,32850,2
5632,51,83,1
5632,51,32851,2
5652,10,274,1
5652,10,33042,2
5652,21,1719,1
5652,21,34487,2
5701,10,1136,1
5701,10,33904,2
5701,21,2137,1
5701,21,34905,2
5702,10,1137,1
5702,10,33905,2
574A,10,602,1
574A,10,33370,2
5752,10,1287,1
5752,10,34055,2
5757,10,1288,1
5757,10,34056,2
5757,51,1976,1
5757,51,34744,2
5759,10,1138,1
5759,10,33906,2
5759,31,1139,1
5759,31,33907,2
576C,10,1290,1
576C,10,34058,2
576J,10,603,1
576J,10,33371,2
576M,10,604,1
576M,10,33372,2
577T,10,1291,1
577T,10,34059,2
5791,10,607,1
5791,10,33375,2
6000,10,1140,1
6000,10,33908,2
6000,21,1141,1
6000,21,33909,2
6000,22,1620,1
6000,22,34388,2
6002,10,1979,1
6002,10,34747,2
6003,10,1472,1
6003,10,34240,2
6016,10,84,1
6016,10,32852,2
6016,31,85,1
6016,31,32853,2
6016,41,1706,1
6016,41,34474,2
6026,10,87,1
6026,10,32855,2
6026,31,88,1
6026,31,32856,2
6027,10,90,1
6027,10,32858,2
6030,10,1142,1
6030,10,33910,2
6030,21,2000,1
6030,21,34768,2
6031,10,92,1
6031,10,32860,2
6034,10,95,1
6034,10,32863,2
6051,10,1143,1
6051,10,33911,2
6051,31,1606,1
6051,31,34374,2
6052,10,1144,1
6052,10,33912,2
6052,31,1832,1
6052,31,34600,2
6053,10,1145,1
6053,10,33913,2
6055,10,1146,1
6055,10,33914,2
6056,10,1147,1
6056,10,33915,2
6056,41,2003,1
6056,41,34771,2
6057,10,1148,1
6057,10,33916,2
6058,10,1149,1
6058,10,33917,2
6061,10,1150,1
6061,10,33918,2
6062,10,1151,1
6062,10,33919,2
6062,51,1739,1
6062,51,34507,2
6063,10,1152,1
6063,10,33920,2
6063,21,2001,1
6063,21,34769,2
6063,41,1773,1
6063,41,34541,2
6063,42,2002,1
6063,42,34770,2
6069,10,1154,1
6069,10,33922,2
6071,10,1156,1
6071,10,33924,2
6071,22,1158,1
6071,22,33926,2
6072,10,1588,1
6072,10,34356,2
6072,21,1755,1
6072,21,34523,2
6072,22,1858,1
6072,22,34626,2
6072,23,2004,1
6072,23,34772,2
6073,10,1160,1
6073,10,33928,2
6073,21,1762,1
6073,21,34530,2
6074,10,1161,1
6074,10,33929,2
6075,10,1162,1
6075,10,33930,2
6075,21,1699,1
6075,21,34467,2
6075,41,1163,1
6075,41,33931,2
6076,10,1165,1
6076,10,33933,2
6076,41,1986,1
6076,41,34754,2
6078,10,1166,1
6078,10,33934,2
607A,10,2139,1
607A,10,34907,2
607A,21,2140,1
607A,21,34908,2
607C,10,1977,1
607C,10,34745,2
607G,10,1759,1
607G,10,34527,2
607M,10,2036,1
607M,10,34804,2
6080,10,1168,1
6080,10,33936,2
6083,10,1733,1
6083,10,34501,2
6084,10,1169,1
6084,10,33937,2
6084,21,1455,1
6084,21,34223,2
6091,10,1175,1
6091,10,33943,2
6091,21,1176,1
6091,21,33944,2
6091,51,1691,1
6091,51,34459,2
6092,10,1177,1
6092,10,33945,2
6093,10,1585,1
6093,10,34353,2
6099,10,1587,1
6099,10,34355,2
6110,10,1184,1
6110,10,33952,2
6115,10,1185,1
6115,10,33953,2
6116,10,1186,1
6116,10,33954,2
6118,10,1188,1
6118,10,33956,2
6120,10,1189,1
6120,10,33957,2
6128,10,1192,1
6128,10,33960,2
627J,10,2056,1
627J,10,34824,2
6312,10,1292,1
6312,10,34060,2
6338,10,1293,1
6338,10,34061,2
6358,10,1294,1
6358,10,34062,2
6358,41,1295,1
6358,41,34063,2
6366,10,1296,1
6366,10,34064,2
637G,10,101,1
637G,10,32869,2
637G,51,102,1
637G,51,32870,2
637J,10,103,1
637J,10,32871,2
637V,10,104,1
637V,10,32872,2
6726,10,1193,1
6726,10,33961,2
675G,10,106,1
675G,10,32874,2
675G,22,1449,1
675G,22,34217,2
675G,41,1794,1
675G,41,34562,2
675M,10,108,1
675M,10,32876,2
675P,10,275,1
675P,10,33043,2
675R,10,109,1
675R,10,32877,2
675X,10,111,1
675X,10,32879,2
677V,10,112,1
677V,10,32880,2
6913,10,1465,1
6913,10,34233,2
6913,21,1549,1
6913,21,34317,2
695D,10,114,1
695D,10,32882,2
695H,10,1196,1
695H,10,33964,2
695X,10,1441,1
695X,10,34209,2
695X,22,1621,1
695X,22,34389,2
695Y,10,1198,1
695Y,10,33966,2
695Y,21,1622,1
695Y,21,34390,2
695Y,22,1781,1
695Y,22,34549,2
695Y,41,1199,1
695Y,41,33967,2
6960,10,1443,1
6960,10,34211,2
6960,21,1810,1
6960,21,34578,2
6970,10,1505,1
6970,10,34273,2
6L01,10,1171,1
6L01,10,33939,2
6L01,22,1827,1
6L01,22,34595,2
6L01,23,1841,1
6L01,23,34609,2
6L02,10,1178,1
6L02,10,33946,2
6L03,10,1565,1
6L03,10,34333,2
6L04,10,1180,1
6L04,10,33948,2
6L04,41,1566,1
6L04,41,34334,2
6L04,42,1567,1
6L04,42,34335,2
6L05,10,1173,1
6L05,10,33941,2
6L05,21,1174,1
6L05,21,33942,2
6L07,10,1545,1
6L07,10,34313,2
6L08,10,1182,1
6L08,10,33950,2
6L10,10,1159,1
6L10,10,33927,2
6L10,41,2005,1
6L10,41,34773,2
6L11,10,1167,1
6L11,10,33935,2
875A,10,609,1
875A,10,33377,2
875M,10,610,1
875M,10,33378,2
5111,10,48,1
5111,10,32816,2
5119,10,1,1
5119,10,32769,2
5119,22,2124,1
5119,22,34892,2
5119,23,2125,1
5119,23,34893,2
5154,10,353,1
5154,10,33121,2
5185,10,1308,1
5185,10,34076,2
5300,10,354,1
5300,10,33122,2
5318,10,45,1
5318,10,32813,2
5318,21,36,1
5318,21,32804,2
5318,22,1591,1
5318,22,34359,2
5391,10,171,1
5391,10,32939,2
5391,21,1729,1
5391,21,34497,2
5391,22,1778,1
5391,22,34546,2
6001,10,52,1
6001,10,32820,2
6006,10,175,1
6006,10,32943,2
6007,10,176,1
6007,10,32944,2
6008,10,1200,1
6008,10,33968,2
6008,21,1464,1
6008,21,34232,2
6010,10,1202,1
6010,10,33970,2
6012,10,1204,1
6012,10,33972,2
6012,31,1776,1
6012,31,34544,2
6013,10,186,1
6013,10,32954,2
6013,21,187,1
6013,21,32955,2
6014,10,188,1
6014,10,32956,2
6015,10,1205,1
6015,10,33973,2
6017,10,1206,1
6017,10,33974,2
6019,10,1490,1
6019,10,34258,2
6022,10,1207,1
6022,10,33975,2
6025,10,1210,1
6025,10,33978,2
6028,10,1211,1
6028,10,33979,2
6028,31,1462,1
6028,31,34230,2
6035,10,1213,1
6035,10,33981,2
6035,21,1795,1
6035,21,34563,2
6036,10,1214,1
6036,10,33982,2
6037,10,1215,1
6037,10,33983,2
6038,10,1216,1
6038,10,33984,2
6039,10,1217,1
6039,10,33985,2
6040,10,54,1
6040,10,32822,2
6041,10,1218,1
6041,10,33986,2
6041,21,1749,1
6041,21,34517,2
6042,10,1219,1
6042,10,33987,2
6042,21,1775,1
6042,21,34543,2
6043,10,1220,1
6043,10,33988,2
6044,10,1221,1
6044,10,33989,2
6045,10,1222,1
6045,10,33990,2
6046,10,1223,1
6046,10,33991,2
6047,10,1224,1
6047,10,33992,2
6048,10,56,1
6048,10,32824,2
6049,10,1309,1
6049,10,34077,2
6059,10,1226,1
6059,10,33994,2
609F,10,37,1
609F,10,32805,2
609F,21,38,1
609F,21,32806,2
609R,10,1477,1
609R,10,34245,2
6200,10,355,1
6200,10,33123,2
6258,10,1232,1
6258,10,34000,2
6258,31,1783,1
6258,31,34551,2
6291,10,358,1
6291,10,33126,2
637A,10,185,1
637A,10,32953,2
637A,21,181,1
637A,21,32949,2
637A,22,1602,1
637A,22,34370,2
637A,25,1756,1
637A,25,34524,2
637A,26,1757,1
637A,26,34525,2
637P,10,47,1
637P,10,32815,2
637R,10,196,1
637R,10,32964,2
6400,10,57,1
6400,10,32825,2
6401,10,359,1
6401,10,33127,2
6401,21,2149,1
6401,21,34917,2
6403,10,58,1
6403,10,32826,2
6414,10,360,1
6414,10,33128,2
6422,10,361,1
6422,10,33129,2
6450,10,59,1
6450,10,32827,2
6450,21,60,1
6450,21,32828,2
6450,51,1509,1
6450,51,34277,2
6451,10,61,1
6451,10,32829,2
6451,21,62,1
6451,21,32830,2
6455,10,63,1
6455,10,32831,2
6455,21,64,1
6455,21,32832,2
6475,10,1317,1
6475,10,34085,2
6475,21,2032,1
6475,21,34800,2
647A,10,1315,1
647A,10,34083,2
647C,10,65,1
647C,10,32833,2
647P,10,1316,1
647P,10,34084,2
648P,10,66,1
648P,10,32834,2
648P,21,67,1
648P,21,32835,2
6500,10,46,1
6500,10,32814,2
6505,10,1450,1
6505,10,34218,2
669A,10,4,1
669A,10,32772,2
669A,41,49,1
669A,41,32817,2
675A,10,1318,1
675A,10,34086,2
675A,41,1319,1
675A,41,34087,2
675I,10,68,1
675I,10,32836,2
675K,10,198,1
675K,10,32966,2
675K,21,1943,1
675K,21,34711,2
675K,23,2018,1
675K,23,34786,2
675L,10,1478,1
675L,10,34246,2
675N,10,362,1
675N,10,33130,2
675V,10,1320,1
675V,10,34088,2
675V,21,1763,1
675V,21,34531,2
675Z,10,200,1
675Z,10,32968,2
677A,10,1239,1
677A,10,34007,2
677A,23,1721,1
677A,23,34489,2
677Y,10,1240,1
677Y,10,34008,2
6801,10,5,1
6801,10,32773,2
6801,51,1774,1
6801,51,34542,2
6803,10,29,1
6803,10,32797,2
6804,10,30,1
6804,10,32798,2
6805,10,31,1
6805,10,32799,2
6805,31,1788,1
6805,31,34556,2
6806,10,32,1
6806,10,32800,2
6812,10,1242,1
6812,10,34010,2
6813,10,33,1
6813,10,32801,2
6815,10,25,1
6815,10,32793,2
6816,10,26,1
6816,10,32794,2
6816,31,1748,1
6816,31,34516,2
6817,10,27,1
6817,10,32795,2
6818,10,28,1
6818,10,32796,2
6820,10,19,1
6820,10,32787,2
6820,31,1406,1
6820,31,34174,2
6821,10,21,1
6821,10,32789,2
6822,10,22,1
6822,10,32790,2
6823,10,34,1
6823,10,32802,2
6824,10,23,1
6824,10,32791,2
6825,10,14,1
6825,10,32782,2
6825,21,15,1
6825,21,32783,2
6826,10,16,1
6826,10,32784,2
6827,10,17,1
6827,10,32785,2
6829,10,18,1
6829,10,32786,2
6830,10,9,1
6830,10,32777,2
6831,10,10,1
6831,10,32778,2
6832,10,11,1
6832,10,32779,2
6835,10,12,1
6835,10,32780,2
6835,31,1407,1
6835,31,34175,2
6836,10,13,1
6836,10,32781,2
6840,10,201,1
6840,10,32969,2
695T,10,1322,1
695T,10,34090,2
695T,51,1859,1
695T,51,34627,2
695V,10,8,1
695V,10,32776,2
7001,10,1722,1
7001,10,34490,2
7004,10,1992,1
7004,10,34760,2
7005,10,1998,1
7005,10,34766,2
7005,51,1999,1
7005,51,34767,2
7006,10,1995,1
7006,10,34763,2
7006,41,1996,1
7006,41,34764,2
7006,51,1997,1
7006,51,34765,2
7009,10,1951,1
7009,10,34719,2
7011,10,1952,1
7011,10,34720,2
7011,21,1953,1
7011,21,34721,2
7011,31,1954,1
7011,31,34722,2
7012,10,2043,1
7012,10,34811,2
7016,10,2118,1
7016,10,34886,2
7016,21,2142,1
7016,21,34910,2
7021,10,1989,1
7021,10,34757,2
7022,10,2084,1
7022,10,34852,2
7023,10,2152,1
7023,10,34920,2
7049,10,1912,1
7049,10,34680,2
7050,10,1884,1
7050,10,34652,2
7051,10,1885,1
7051,10,34653,2
7052,10,1886,1
7052,10,34654,2
7053,10,1887,1
7053,10,34655,2
7053,21,1895,1
7053,21,34663,2
7053,22,1896,1
7053,22,34664,2
7054,10,41,1
7054,10,32809,2
7055,10,1888,1
7055,10,34656,2
7057,10,1897,1
7057,10,34665,2
7058,10,1913,1
7058,10,34681,2
7059,10,1924,1
7059,10,34692,2
7060,10,1889,1
7060,10,34657,2
7062,10,1898,1
7062,10,34666,2
7062,31,1914,1
7062,31,34682,2
7063,10,1899,1
7063,10,34667,2
707A,10,1990,1
707A,10,34758,2
707A,23,2096,1
707A,23,34864,2
7081,10,1915,1
7081,10,34683,2
7082,10,2037,1
7082,10,34805,2
7083,10,2038,1
7083,10,34806,2
7084,10,2039,1
7084,10,34807,2
7085,10,2040,1
7085,10,34808,2
7086,10,2041,1
7086,10,34809,2
709A,10,2092,1
709A,10,34860,2
709G,10,2020,1
709G,10,34788,2
709P,10,1993,1
709P,10,34761,2
7245,10,363,1
7245,10,33131,2
737A,10,1730,1
737A,10,34498,2
737G,10,1784,1
737G,10,34552,2
7550,10,2093,1
7550,10,34861,2
7600,10,2021,1
7600,10,34789,2
7710,10,1764,1
7710,10,34532,2
807A,10,1900,1
807A,10,34668,2
809P,10,1891,1
809P,10,34659,2
857A,10,1925,1
857A,10,34693,2
857C,10,1901,1
857C,10,34669,2
857P,10,1926,1
857P,10,34694,2
857P,21,1971,1
857P,21,34739,2
8605,10,1917,1
8605,10,34685,2
5100,10,1370,1
5100,10,34138,2
6232,10,483,1
6232,10,33251,2
6250,10,468,1
6250,10,33236,2
6262,10,1371,1
6262,10,34139,2
6262,21,1941,1
6262,21,34709,2
6412,10,770,1
6412,10,33538,2
6418,10,771,1
6418,10,33539,2
6418,31,1552,1
6418,31,34320,2
6837,10,6,1
6837,10,32774,2
7002,10,772,1
7002,10,33540,2
7013,10,775,1
7013,10,33543,2
702C,10,485,1
702C,10,33253,2
702U,10,1330,1
702U,10,34098,2
702U,21,1331,1
702U,21,34099,2
7040,10,776,1
7040,10,33544,2
7040,21,1958,1
7040,21,34726,2
714C,10,487,1
714C,10,33255,2
715M,10,490,1
715M,10,33258,2
715M,21,2051,1
715M,21,34819,2
7181,10,1332,1
7181,10,34100,2
719P,10,1372,1
719P,10,34140,2
719R,10,469,1
719R,10,33237,2
7228,10,492,1
7228,10,33260,2
7267,10,1427,1
7267,10,34195,2
7272,10,1333,1
7272,10,34101,2
7281,10,1334,1
7281,10,34102,2
7282,10,471,1
7282,10,33239,2
736G,10,780,1
736G,10,33548,2
736I,10,781,1
736I,10,33549,2
736I,21,2082,1
736I,21,34850,2
7411,10,1376,1
7411,10,34144,2
7458,10,496,1
7458,10,33264,2
745M,10,782,1
745M,10,33550,2
745M,21,1984,1
745M,21,34752,2
746C,10,783,1
746C,10,33551,2
746F,10,784,1
746F,10,33552,2
746H,10,785,1
746H,10,33553,2
746K,10,787,1
746K,10,33555,2
746P,10,788,1
746P,10,33556,2
746R,10,790,1
746R,10,33558,2
746V,10,792,1
746V,10,33560,2
748A,10,498,1
748A,10,33266,2
748A,41,499,1
748A,41,33267,2
748A,42,500,1
748A,42,33268,2
748N,10,1799,1
748N,10,34567,2
748R,10,501,1
748R,10,33269,2
748R,41,502,1
748R,41,33270,2
748R,51,503,1
748R,51,33271,2
7545,10,504,1
7545,10,33272,2
7545,21,1728,1
7545,21,34496,2
756A,10,793,1
756A,10,33561,2
756A,21,1966,1
756A,21,34734,2
7702,10,1249,1
7702,10,34017,2
771P,10,506,1
771P,10,33274,2
7725,10,472,1
7725,10,33240,2
775A,10,473,1
775A,10,33241,2
775F,10,796,1
775F,10,33564,2
775N,10,474,1
775N,10,33242,2
775P,10,507,1
775P,10,33275,2
775V,10,475,1
775V,10,33243,2
778J,10,508,1
778J,10,33276,2
778J,41,1486,1
778J,41,34254,2
778R,10,509,1
778R,10,33277,2
778R,21,1476,1
778R,21,34244,2
7903,10,512,1
7903,10,33280,2
8012,10,2023,1
8012,10,34791,2
8018,10,2070,1
8018,10,34838,2
8019,10,2071,1
8019,10,34839,2
8020,10,1726,1
8020,10,34494,2
8021,10,2073,1
8021,10,34841,2
8022,10,2085,1
8022,10,34853,2
8023,10,2074,1
8023,10,34842,2
8024,10,2075,1
8024,10,34843,2
8025,10,2076,1
8025,10,34844,2
8026,10,2083,1
8026,10,34851,2
802C,10,1379,1
802C,10,34147,2
8038,10,797,1
8038,10,33565,2
8071,10,2077,1
8071,10,34845,2
8072,10,2079,1
8072,10,34847,2
8073,10,2081,1
8073,10,34849,2
8075,10,2044,1
8075,10,34812,2
8077,10,2050,1
8077,10,34818,2
8078,10,2080,1
8078,10,34848,2
807J,10,2058,1
807J,10,34826,2
807M,10,1916,1
807M,10,34684,2
807P,10,2099,1
807P,10,34867,2
809A,10,2069,1
809A,10,34837,2
809D,10,2068,1
809D,10,34836,2
809J,10,2066,1
809J,10,34834,2
809L,10,1949,1
809L,10,34717,2
809R,10,2067,1
809R,10,34835,2
817C,10,1337,1
817C,10,34105,2
8252,10,1248,1
8252,10,34016,2
828P,10,1338,1
828P,10,34106,2
8319,10,476,1
8319,10,33244,2
8319,21,1707,1
8319,21,34475,2
856R,10,1428,1
856R,10,34196,2
856R,21,1429,1
856R,21,34197,2
857R,10,1892,1
857R,10,34660,2
857R,41,2027,1
857R,41,34795,2
8610,10,2063,1
8610,10,34831,2
8615,10,1339,1
8615,10,34107,2
8700,10,1877,1
8700,10,34645,2
8700,21,1982,1
8700,21,34750,2
8700,22,1983,1
8700,22,34751,2
8700,23,2134,1
8700,23,34902,2
8705,10,2072,1
8705,10,34840,2
8705,51,2090,1
8705,51,34858,2
8707,10,2064,1
8707,10,34832,2
8707,21,2065,1
8707,21,34833,2
874C,10,477,1
874C,10,33245,2
875C,10,478,1
875C,10,33246,2
875C,22,1506,1
875C,22,34274,2
875H,10,1340,1
875H,10,34108,2
875P,10,1341,1
875P,10,34109,2
877T,10,1381,1
877T,10,34149,2
9050,10,2088,1
9050,10,34856,2
9051,10,2089,1
9051,10,34857,2
